2 4 5 270
3 1 20 180
2 5 7 90
5 6 19 0
4 4 11 0
3 4 17 270
3 2 11 90
2 3 16 180
4 1 14 90
1 6 16 0
4 6 20 270
5 4 3 0

2 1 5 270
2 5 20 270
3 2 18 90
1 1 4 90
4 2 7 0
3 5 8 180
1 6 12 270
5 5 14 90
5 2 17 0
5 1 5 90
2 4 20 0
3 6 17 270

4 4 10 0
2 3 3 270
1 1 19 90
2 6 15 270
2 5 3 270
5 4 5 0
2 1 15 90
3 5 14 180
1 2 17 180
4 5 7 90
3 2 6 0
2 4 11 180

2 1 3 270
1 5 12 180
3 6 16 0
1 4 16 90
3 2 6 180
1 2 12 0
3 5 15 0
1 3 8 180
4 5 2 180
1 6 16 270
5 1 17 90
5 2 6 0

5 4 3 90
3 5 2 270
2 1 12 0
1 6 20 90
4 3 4 90
4 1 20 90
5 1 12 90
3 6 11 0
3 1 8 180
5 6 17 180
5 3 4 180
2 3 12 90

3 5 12 180
2 1 18 0
5 6 14 0
3 2 6 0
4 4 11 270
3 3 6 90
5 4 10 90
2 3 3 270
1 5 1 90
4 2 19 180
2 2 8 90
5 1 10 0

3 4 20 180
5 2 16 270
3 2 8 180
5 6 4 90
2 2 2 90
2 5 16 180
4 3 2 90
2 4 17 270
2 1 11 0
1 3 12 0
4 2 17 90
1 5 20 90

5 1 18 270
3 1 17 270
3 4 18 0
4 6 17 0
5 3 2 180
2 6 13 0
5 6 7 0
2 5 17 0
4 1 6 90
4 5 6 0
4 4 2 90
2 1 13 0

1 6 9 180
2 6 10 90
4 5 8 0
5 1 20 0
5 4 10 90
5 5 6 270
2 1 5 0
1 3 15 0
5 3 3 270
3 4 3 90
2 4 6 0
3 6 12 0

4 4 7 90
2 1 7 270
5 6 8 90
3 6 14 270
3 5 5 270
3 2 9 270
3 4 6 270
1 6 9 180
2 6 10 180
4 5 3 180
2 3 13 0
1 5 11 90

4 6 18 270
5 5 2 270
3 1 1 0
2 4 20 0
5 4 20 90
5 6 3 90
1 6 15 90
2 1 14 0
1 3 5 180
3 3 6 270
1 4 19 0
4 5 17 0

4 6 3 180
1 3 5 0
5 2 13 270
2 3 11 180
3 2 10 0
5 6 20 0
1 6 10 180
5 4 9 180
2 4 12 90
4 5 4 0
2 5 9 0
3 6 19 270

5 3 17 90
5 2 12 90
2 2 15 90
1 3 13 180
4 1 14 90
3 4 4 180
3 6 17 180
4 6 3 180
4 3 15 0
2 5 5 0
2 3 16 90
1 5 7 0

5 4 6 90
2 4 9 270
1 2 15 0
2 6 13 0
1 5 10 180
3 2 9 180
2 1 13 270
4 1 5 0
1 1 18 90
3 6 4 270
5 6 16 180
4 5 15 180

3 5 8 180
1 4 12 180
5 1 19 180
4 4 18 270
1 1 12 0
2 5 2 270
3 2 2 180
1 5 11 180
5 5 7 0
1 3 10 0
2 3 9 0
5 2 3 90

2 5 17 270
2 4 1 90
2 6 18 180
3 3 2 180
4 1 8 270
3 4 5 180
1 2 8 90
4 2 4 180
4 3 17 270
2 2 5 180
5 4 4 0
1 4 6 90

5 1 20 180
4 6 2 270
4 3 4 90
2 4 11 180
2 6 7 180
1 1 14 0
4 4 19 90
5 5 4 270
3 3 12 270
5 4 11 0
2 5 10 90
4 5 13 90

4 4 7 90
3 3 17 90
2 6 10 270
1 2 4 90
4 3 15 180
5 4 1 180
4 2 6 180
4 6 13 90
5 2 14 90
4 5 7 90
2 3 19 0
3 6 4 270

5 4 13 180
3 1 11 270
3 2 1 90
4 5 2 90
2 3 13 180
1 5 9 180
5 5 17 90
1 2 14 0
3 3 8 90
1 3 11 180
5 6 8 180
4 3 2 180

5 2 12 270
3 1 18 90
4 5 15 180
5 6 16 90
2 2 17 0
4 4 2 0
4 2 2 90
3 5 14 0
4 3 13 180
1 5 7 90
5 3 7 180
1 3 12 90

2 5 10 0
5 5 4 0
3 2 5 180
1 2 11 180
4 4 8 180
1 3 3 270
1 6 18 0
1 1 2 0
4 6 5 270
5 3 3 180
2 3 6 0
3 1 16 180

5 1 20 270
2 6 20 180
1 4 3 270
1 1 12 90
1 5 4 270
3 6 16 90
4 4 7 270
5 2 2 180
5 5 7 270
3 3 7 90
4 1 13 90
2 5 17 0

3 1 12 270
1 2 11 0
3 3 17 0
1 1 7 270
5 5 7 180
3 4 4 270
2 3 2 180
2 2 13 0
1 5 12 270
4 1 20 270
1 6 3 180
3 5 8 0

2 5 7 90
4 6 8 90
5 4 12 0
1 3 16 180
2 6 20 180
3 3 3 90
1 2 16 90
3 2 16 0
3 6 3 0
2 4 6 270
3 1 13 270
1 6 6 90

4 5 6 180
1 4 4 180
5 2 6 180
5 5 5 180
3 5 9 270
2 3 9 270
2 5 6 90
4 2 7 180
2 4 10 270
4 4 5 180
3 2 17 180
2 2 6 180

2 6 15 270
5 2 4 90
1 4 6 270
3 3 5 180
2 2 12 270
3 4 11 90
2 4 17 0
1 2 4 90
4 5 9 180
1 5 17 270
2 3 14 0
5 5 11 270

3 1 5 0
1 6 9 270
2 1 3 270
5 6 10 90
4 2 6 180
4 1 9 180
3 5 11 90
1 3 7 180
3 4 3 270
2 2 17 0
1 2 13 0
3 3 8 0

2 6 15 270
5 2 4 90
1 4 6 270
3 3 5 180
2 2 12 270
3 4 11 90
2 4 17 0
1 2 4 90
4 5 9 180
1 5 17 270
2 3 14 0
5 5 11 270

5 5 5 180
4 2 9 0
4 4 1 0
1 1 7 270
5 4 3 180
3 5 6 90
1 6 6 180
3 2 6 90
3 3 2 90
2 5 10 0
4 5 20 270
2 1 14 270

3 2 14 0
5 3 18 180
2 5 11 180
3 1 2 90
3 4 1 270
1 3 4 90
4 1 11 180
4 2 4 180
5 4 7 180
3 6 1 90
3 5 14 270
2 4 5 90

1 5 16 90
2 1 16 270
2 6 1 90
5 6 2 0
1 3 8 0
2 5 9 180
3 4 9 90
4 4 6 0
4 2 5 180
1 1 13 0
3 1 10 180
5 5 15 90

3 4 15 180
5 6 15 0
2 4 17 90
4 2 2 180
2 5 6 90
5 3 8 0
2 3 12 270
1 2 10 90
2 6 16 270
2 1 17 270
3 6 10 90
5 2 11 0

2 2 11 90
3 6 4 90
1 2 13 90
2 3 10 270
3 2 4 0
4 4 2 0
2 5 10 270
3 5 13 0
2 4 19 270
2 6 19 90
1 4 14 180
4 1 20 270

4 1 19 270
1 1 16 0
1 3 6 90
5 3 13 90
5 6 9 270
3 2 16 270
1 2 20 270
4 2 15 270
2 5 17 0
3 3 17 90
5 5 2 90
2 3 15 180

5 5 5 270
3 6 16 90
5 6 5 0
4 6 17 90
5 1 19 90
1 1 2 90
3 1 13 270
1 6 18 90
4 3 1 270
1 3 8 90
2 6 15 270
4 1 16 180

3 6 17 0
1 5 13 90
1 1 20 0
2 2 16 180
2 6 8 0
3 5 9 90
3 4 5 180
5 4 7 180
5 5 8 180
3 1 7 90
4 2 9 180
5 1 12 270

5 2 3 90
1 4 15 90
5 4 3 180
1 1 19 90
4 3 5 90
2 5 19 90
2 1 9 180
4 1 10 0
1 6 11 0
3 4 3 0
5 5 4 180
2 2 8 270

4 3 5 270
5 3 3 180
5 2 8 180
1 3 19 0
3 1 17 0
2 1 15 90
5 1 15 0
1 5 15 0
4 2 10 180
3 5 19 90
2 5 7 180
5 5 1 90

3 5 6 0
3 6 11 270
2 5 10 90
5 2 14 90
1 6 19 0
4 1 1 180
5 1 10 270
1 5 1 0
2 2 16 180
5 5 5 90
4 5 4 90
1 1 3 90

1 6 15 90
4 3 4 90
3 1 9 90
1 4 2 90
4 2 10 90
4 6 2 180
2 5 8 270
5 3 14 180
1 1 10 0
5 5 2 90
3 2 12 0
5 2 9 0

5 2 13 180
1 5 11 270
5 6 19 0
5 3 20 0
2 3 11 270
1 1 6 270
3 3 2 90
3 6 4 180
2 4 15 0
5 1 11 0
5 4 12 180
4 3 5 0

3 6 14 0
1 4 4 0
3 1 10 90
2 4 3 270
5 5 4 270
3 5 18 90
4 1 19 180
5 4 6 180
1 6 2 270
2 6 11 0
4 4 11 90
4 3 8 270

5 3 5 90
5 1 6 180
5 2 10 0
4 3 6 180
3 4 7 180
4 4 4 180
1 2 20 270
5 4 6 180
3 5 16 270
1 3 13 180
4 5 10 0
1 1 18 180

3 3 10 0
3 2 13 0
4 2 13 270
1 4 13 0
1 2 13 180
2 1 19 0
4 6 14 0
2 4 10 90
1 3 19 0
1 5 1 270
5 2 13 90
5 4 9 180

1 4 19 270
4 1 1 270
5 5 5 270
4 5 4 0
4 2 5 0
1 6 4 0
2 1 5 270
1 3 19 90
4 6 6 0
3 6 5 0
5 6 16 270
3 1 2 0

4 5 17 90
5 2 8 0
3 6 13 0
4 1 12 270
3 3 13 90
5 1 2 270
3 5 13 270
5 3 6 0
2 6 12 270
5 6 8 180
2 5 18 270
2 3 4 90

5 3 19 0
1 3 8 90
2 5 15 90
4 5 2 270
4 6 11 270
4 1 8 180
5 4 10 0
3 4 20 0
1 4 14 270
4 2 11 90
4 4 20 0
3 3 3 180

2 3 11 90
5 1 6 180
5 3 3 180
4 3 10 270
5 4 2 180
3 2 13 270
2 1 7 180
4 6 16 90
3 3 7 270
5 6 2 180
1 5 3 270
1 3 8 270

5 4 6 270
2 3 8 90
2 1 9 180
1 5 1 0
3 5 16 0
1 2 11 0
2 6 10 270
1 4 11 180
3 4 4 180
4 4 6 270
2 2 1 270
3 6 5 270

4 5 14 270
1 5 12 180
1 4 2 270
4 1 11 180
2 1 20 0
5 5 16 180
2 2 3 270
1 3 13 0
1 1 13 270
5 1 20 90
1 6 3 90
2 6 3 180

5 3 17 90
5 2 12 90
2 2 15 90
1 3 13 180
4 1 14 90
3 4 4 180
3 6 17 180
4 6 3 180
4 3 15 0
2 5 5 0
2 3 16 90
1 5 7 0

5 1 4 0
5 2 18 0
3 5 1 0
2 5 13 90
3 3 20 180
4 1 4 270
4 4 16 180
1 2 4 180
3 4 6 0
3 2 18 0
5 3 3 180
2 3 8 180

5 2 7 180
5 4 6 90
1 2 5 270
1 1 5 180
4 3 1 0
5 3 20 270
5 5 16 90
2 1 2 0
5 1 13 90
2 2 2 0
1 5 18 90
2 4 7 270

1 1 7 270
1 4 2 90
5 5 3 180
3 5 18 270
4 6 7 0
2 2 12 270
5 2 7 270
4 5 19 270
1 5 2 270
2 4 8 270
2 1 16 270
1 6 8 90

3 4 17 0
4 1 15 0
1 5 14 90
2 6 7 180
4 6 8 90
2 2 14 180
5 4 10 180
2 4 3 90
2 5 11 0
5 3 6 270
4 4 19 270
4 3 16 90

3 3 18 0
1 1 7 180
1 5 19 270
5 2 15 0
3 1 6 0
4 4 19 180
1 4 5 90
2 2 19 270
4 2 1 270
4 5 20 0
4 1 12 180
3 6 14 180

4 3 8 180
1 4 6 180
4 6 1 180
2 2 1 90
5 3 20 270
4 5 18 270
2 3 8 0
3 4 5 90
5 2 19 180
1 2 8 270
2 1 19 270
5 6 8 90

5 4 18 90
5 6 2 180
2 2 6 270
4 2 14 270
2 6 3 270
4 4 9 180
4 6 9 270
1 4 16 180
5 1 16 90
5 3 10 0
1 1 6 270
4 3 16 180

5 5 16 0
3 3 18 90
2 4 12 180
1 5 12 0
3 6 18 180
2 3 4 180
1 3 8 270
1 2 7 270
3 4 9 90
2 6 15 90
1 1 13 90
4 6 2 270

4 1 5 90
4 6 2 270
1 4 11 90
2 5 14 180
4 5 12 90
3 4 10 180
1 2 14 180
4 3 7 270
5 1 4 270
1 5 15 270
5 6 6 270
2 1 16 270

2 1 3 270
3 5 6 270
3 3 8 90
5 5 10 90
5 1 18 90
1 2 12 270
2 5 14 270
3 1 1 180
2 2 10 180
1 5 6 270
4 2 15 270
3 4 5 180

4 4 10 180
5 3 18 180
2 1 18 0
4 1 7 180
5 4 1 90
5 6 7 0
3 5 17 90
2 3 5 180
2 5 15 90
3 1 11 270
4 5 2 0
1 4 11 0

2 4 5 270
3 1 20 180
2 5 7 90
5 6 19 0
4 4 11 0
3 4 17 270
3 2 11 90
2 3 16 180
4 1 14 90
1 6 16 0
4 6 20 270
5 4 3 0

3 3 17 180
4 4 10 90
2 5 11 0
3 2 11 90
5 6 2 270
3 4 15 90
2 1 4 0
3 1 1 90
5 1 16 0
2 4 13 180
3 6 19 270
3 5 4 0

4 6 17 90
4 3 11 0
5 3 5 90
1 3 8 270
4 4 10 0
2 1 14 270
5 4 1 0
4 5 15 270
2 2 5 0
4 1 18 0
1 2 8 0
3 2 9 270

3 6 2 270
2 6 15 270
5 2 9 90
5 6 4 180
4 2 5 270
4 4 9 180
1 5 16 180
2 3 4 180
4 1 5 270
5 3 11 270
5 5 6 180
1 3 7 270

3 1 4 270
4 3 6 0
5 1 16 0
5 6 8 270
5 2 12 90
1 3 6 90
1 5 15 0
4 2 2 180
2 3 11 90
1 4 1 90
3 5 16 90
2 4 7 180

1 2 18 270
4 2 8 180
3 4 16 180
2 2 7 180
1 1 17 90
4 5 14 0
4 3 19 180
3 6 14 180
2 4 1 90
1 6 10 90
2 6 19 90
3 3 9 90

4 2 13 270
1 2 20 180
5 6 13 90
2 6 4 0
5 1 2 270
5 3 15 180
4 5 1 270
3 5 18 270
4 3 3 270
3 1 18 90
3 4 12 270
5 2 5 0

2 6 14 90
3 5 8 270
1 5 18 180
3 4 16 270
1 1 13 270
2 5 20 90
5 4 18 270
2 1 9 270
1 3 15 90
2 3 1 270
4 5 15 180
3 6 6 0

4 1 7 90
3 2 1 0
3 1 6 270
5 3 5 90
3 6 13 90
5 4 9 180
5 5 6 90
2 2 1 0
2 3 1 180
4 5 6 270
1 1 12 270
2 1 1 0

5 2 6 0
5 1 19 180
1 1 7 0
5 6 7 270
2 5 7 90
2 6 15 0
4 2 20 180
5 3 8 270
4 1 3 0
3 6 6 90
2 2 20 90
1 6 15 90

2 2 12 0
3 4 14 270
2 3 14 0
5 5 15 270
4 3 6 270
4 2 2 90
4 5 8 0
1 6 12 270
1 1 9 270
4 6 1 180
1 4 15 180
1 2 2 0

3 6 3 90
4 1 2 180
5 5 6 270
1 2 8 0
2 6 15 0
2 1 8 0
2 2 13 90
2 5 19 270
4 3 1 90
3 3 18 270
1 3 14 90
5 4 5 180

4 2 9 90
1 5 1 270
1 1 20 270
3 5 15 0
4 3 17 0
2 4 3 0
1 2 17 90
5 2 20 0
2 3 14 270
5 1 4 0
4 1 19 90
5 6 9 270

2 5 7 90
4 6 8 90
5 4 12 0
1 3 16 180
2 6 20 180
3 3 3 90
1 2 16 90
3 2 16 0
3 6 3 0
2 4 6 270
3 1 13 270
1 6 6 90

1 4 4 270
4 5 20 0
1 6 20 270
3 1 20 270
5 3 1 270
2 3 19 270
4 1 10 0
3 3 18 90
5 4 19 0
4 4 18 90
5 6 16 180
5 1 10 0

3 2 13 0
1 5 4 180
5 1 17 90
1 1 14 270
1 2 3 270
5 5 13 0
2 1 18 90
3 4 5 0
5 3 18 90
5 6 7 180
2 4 18 270
5 4 12 180

5 3 16 180
4 5 18 90
1 1 18 0
2 4 11 90
4 4 19 180
4 2 1 0
5 2 5 180
2 6 1 0
3 1 2 270
3 2 8 0
1 6 8 0
2 2 4 270

2 6 5 90
4 1 17 180
2 1 9 270
2 5 11 180
3 6 7 270
1 1 8 180
1 3 20 0
2 3 9 180
3 3 20 180
4 4 10 0
4 6 19 90
1 6 6 90

1 4 18 0
3 3 4 270
4 6 3 270
1 3 7 180
3 4 18 90
2 4 5 0
3 5 11 90
5 6 11 90
4 4 9 90
2 3 15 90
5 2 9 180
2 2 11 180

1 4 6 270
1 1 13 180
4 2 5 0
1 5 5 270
5 3 17 90
2 3 10 90
5 2 3 0
4 4 7 180
2 1 16 180
4 1 20 90
2 5 13 90
4 3 4 90

1 4 3 180
2 1 18 90
5 1 10 0
3 4 17 0
2 4 4 0
1 3 5 0
2 5 20 270
2 2 6 270
4 6 11 180
1 2 15 0
4 4 8 90
5 3 15 270

5 5 5 270
3 6 16 90
5 6 5 0
4 6 17 90
5 1 19 90
1 1 2 90
3 1 13 270
1 6 18 90
4 3 1 270
1 3 8 90
2 6 15 270
4 1 16 180

5 1 14 90
3 4 14 0
4 5 6 90
2 3 5 90
5 6 7 270
5 2 7 90
2 2 13 0
4 3 11 0
2 1 19 0
1 6 4 0
1 3 8 270
5 3 12 270

1 2 9 180
2 1 4 180
2 5 20 0
4 5 17 0
1 1 8 90
1 3 9 270
5 4 12 270
1 5 8 0
4 4 19 270
5 6 14 90
3 5 16 0
5 3 11 270

1 3 13 0
2 4 6 270
5 3 9 90
1 4 18 0
3 2 18 180
3 1 8 180
1 5 6 0
4 6 11 180
2 2 17 0
5 2 14 0
3 4 4 90
5 4 20 90

4 5 20 0
5 1 15 270
1 5 11 270
5 2 2 90
4 2 13 90
3 4 7 270
4 3 16 90
2 3 7 0
5 6 11 180
5 3 20 180
2 5 18 270
3 1 16 0

2 1 16 270
4 3 14 270
2 4 6 0
3 6 5 90
3 3 15 180
5 1 17 90
4 2 8 270
1 6 2 270
5 5 11 90
4 1 3 180
4 4 15 90
2 2 14 270

5 4 7 180
5 2 19 90
3 3 4 270
1 6 6 180
2 3 18 0
1 5 2 90
2 2 3 180
3 1 9 270
1 3 15 90
3 2 14 0
2 1 4 180
1 4 16 0

4 1 2 270
4 2 7 180
1 1 20 270
2 3 3 0
5 6 14 180
1 4 1 90
2 4 10 0
4 5 12 90
5 3 17 270
5 5 3 0
3 5 10 270
3 4 5 180

3 5 12 180
1 1 16 180
5 5 13 180
4 2 18 270
3 3 9 90
1 5 1 90
2 6 12 0
5 3 10 180
4 1 8 90
5 1 20 180
4 5 5 0
1 2 4 0

1 5 7 0
5 2 11 180
3 5 19 90
1 4 2 270
3 6 4 90
4 3 17 180
4 4 15 0
3 1 16 0
3 4 3 270
2 2 3 0
2 6 17 180
3 2 20 180

5 3 13 90
4 1 18 0
3 3 5 180
4 4 20 0
2 2 7 180
2 4 11 270
2 5 15 0
5 5 8 180
1 6 5 0
4 6 16 180
4 5 12 90
3 5 8 90

4 2 7 0
5 6 11 270
2 3 19 180
1 5 12 0
1 3 9 180
3 4 17 270
4 4 15 180
1 6 20 90
1 2 5 90
2 2 16 180
2 1 6 270
1 1 15 0

4 5 14 270
1 1 19 270
4 6 14 270
4 2 3 270
4 4 5 0
2 6 7 270
5 1 10 180
2 1 19 0
1 4 3 90
5 4 2 90
3 4 2 270
5 2 14 0

2 2 10 0
2 6 18 180
1 3 1 270
5 4 18 0
5 2 9 180
4 2 6 90
4 5 12 0
3 3 18 0
1 6 17 270
4 6 10 270
1 2 16 90
1 4 1 0

3 4 7 180
3 1 12 0
3 5 15 270
1 4 11 180
5 1 4 90
1 1 9 180
1 2 9 90
4 6 9 270
2 5 17 270
2 4 3 180
1 6 3 180
1 5 8 0

1 1 14 270
5 2 10 270
1 5 5 90
4 4 11 180
3 3 9 270
2 3 16 270
1 2 6 0
2 5 16 90
4 3 15 270
2 2 3 90
3 5 3 180
2 1 14 270

1 1 20 0
4 3 10 90
4 5 2 180
3 5 15 270
2 2 4 180
2 6 14 270
4 4 9 180
3 3 2 180
5 6 1 90
5 3 19 270
2 4 13 270
5 2 15 180

4 6 9 180
4 2 19 90
4 3 5 180
3 1 11 0
2 3 20 270
2 5 2 90
3 6 1 0
2 1 5 180
2 4 13 0
1 5 8 90
1 1 5 90
5 4 4 0

4 4 14 0
2 2 7 180
5 3 4 0
4 5 19 270
1 6 5 270
1 2 17 180
5 6 12 0
2 6 20 0
2 3 14 90
4 6 3 270
3 3 17 90
5 1 5 270

5 5 16 0
3 3 18 90
2 4 12 180
1 5 12 0
3 6 18 180
2 3 4 180
1 3 8 270
1 2 7 270
3 4 9 90
2 6 15 90
1 1 13 90
4 6 2 270

2 6 7 0
4 2 17 180
3 1 5 180
1 1 3 270
4 6 9 180
3 2 15 90
2 4 12 90
5 6 13 0
2 3 12 180
5 2 4 180
5 3 1 0
3 3 16 90

2 1 17 180
4 3 3 180
1 5 4 270
4 5 19 270
2 6 2 180
5 3 9 0
2 4 15 270
2 3 20 90
1 4 6 180
5 1 15 90
2 5 10 0
5 6 1 0

5 4 15 270
1 6 1 180
2 6 8 180
3 2 2 180
1 5 3 180
2 4 20 270
1 1 8 270
5 1 15 0
5 2 8 90
1 2 19 90
3 1 15 180
4 5 9 270

1 2 8 90
2 3 11 270
1 3 14 90
5 4 7 180
5 1 7 180
4 2 15 90
3 1 11 270
5 2 14 270
1 1 4 0
3 5 4 270
1 6 3 0
2 1 5 90

5 5 15 90
1 6 15 90
4 6 16 0
4 5 10 270
1 4 12 90
3 4 2 0
2 3 17 0
5 4 13 180
2 1 1 90
1 5 5 0
3 6 17 0
4 2 14 90

3 1 10 180
5 6 6 0
1 6 3 180
3 6 6 270
4 1 4 270
3 4 15 270
1 4 8 270
2 3 16 270
4 5 18 180
1 5 2 270
3 2 5 270
3 3 5 90

5 5 14 270
2 3 12 90
3 6 15 90
4 3 17 270
1 3 7 90
5 6 19 180
1 6 18 90
1 1 8 90
1 2 16 90
1 5 9 180
4 2 16 0
2 4 9 180

4 2 13 270
1 2 20 180
5 6 13 90
2 6 4 0
5 1 2 270
5 3 15 180
4 5 1 270
3 5 18 270
4 3 3 270
3 1 18 90
3 4 12 270
5 2 5 0

1 1 9 0
3 4 4 90
4 3 10 270
4 2 12 270
2 3 12 270
1 6 14 90
4 1 13 0
1 3 7 0
5 3 12 180
3 5 2 180
3 3 10 0
5 6 3 0

1 6 4 90
5 5 3 90
4 2 2 270
4 4 3 90
5 2 10 0
1 1 6 0
3 6 6 0
1 2 7 180
2 3 4 270
3 4 14 180
4 1 6 90
2 2 12 0

3 5 7 270
3 2 12 180
5 5 19 90
5 3 17 90
5 1 14 270
5 2 2 180
3 1 15 180
5 4 8 270
3 4 2 180
4 3 7 270
3 6 10 270
2 2 14 180

1 5 15 0
2 1 20 270
5 3 1 0
1 2 3 90
2 2 9 90
1 1 4 0
2 4 11 0
3 3 14 270
3 2 9 0
1 6 9 90
5 4 5 90
5 5 2 90

4 3 5 270
5 3 3 180
5 2 8 180
1 3 19 0
3 1 17 0
2 1 15 90
5 1 15 0
1 5 15 0
4 2 10 180
3 5 19 90
2 5 7 180
5 5 1 90

1 4 1 0
4 3 11 90
4 1 12 90
3 2 2 90
4 5 5 270
2 3 14 270
2 2 1 180
5 3 11 90
3 4 4 180
4 4 4 90
5 1 7 270
3 1 9 90

3 4 8 180
3 1 3 90
3 5 19 90
1 5 3 270
1 6 3 0
1 3 3 90
5 1 16 180
4 2 4 180
4 6 6 270
1 4 11 180
2 1 13 90
1 2 12 180

1 1 15 270
1 4 4 270
4 2 8 270
4 1 4 90
1 3 12 270
3 5 2 0
5 2 16 90
5 5 13 0
5 1 8 90
5 3 7 0
3 4 15 90
3 1 7 180

3 1 15 0
3 5 14 180
5 2 2 90
1 2 9 0
2 2 10 180
3 4 17 90
3 3 1 180
1 1 1 90
5 4 8 270
1 6 14 270
5 3 7 90
3 2 5 270

1 1 3 0
3 4 4 0
2 5 7 180
5 1 2 0
5 2 11 90
2 3 15 90
2 1 8 270
1 4 5 180
3 5 19 0
5 5 13 180
3 3 14 180
1 2 19 0

3 4 9 90
2 1 13 180
4 2 2 180
2 6 1 270
5 3 17 90
4 1 17 180
2 3 14 0
3 5 6 90
2 5 8 90
1 1 20 270
3 2 7 90
5 6 7 180

5 6 8 0
3 3 9 180
3 2 15 90
2 2 8 90
3 5 7 180
1 4 9 90
5 5 8 0
4 1 4 0
4 2 15 180
1 3 8 0
1 2 20 90
5 2 15 180

5 6 5 90
2 3 11 0
1 3 4 270
2 6 15 270
1 4 3 0
5 4 7 0
2 2 12 270
3 2 12 90
5 3 7 0
5 1 2 180
1 5 4 0
4 5 14 270

1 4 3 180
3 3 17 180
1 2 5 0
5 2 12 270
2 4 1 90
2 3 10 180
5 3 14 90
4 5 5 270
3 2 4 180
5 6 9 0
2 5 11 0
2 6 5 0

3 4 4 90
1 3 17 0
5 6 15 270
3 5 14 90
2 6 19 270
3 3 13 180
4 6 15 0
4 5 17 90
1 2 2 180
3 1 7 90
4 3 15 270
5 1 2 0

2 6 7 0
5 6 2 180
1 4 20 270
3 6 14 180
5 2 14 270
3 4 17 270
2 1 1 270
4 2 15 270
2 4 13 0
1 2 12 270
3 1 15 0
1 6 5 0

3 1 4 270
4 3 6 0
5 1 16 0
5 6 8 270
5 2 12 90
1 3 6 90
1 5 15 0
4 2 2 180
2 3 11 90
1 4 1 90
3 5 16 90
2 4 7 180

1 2 13 90
4 3 13 270
2 3 13 90
1 3 13 180
5 4 11 270
1 1 14 180
5 2 13 90
3 2 14 0
3 6 1 180
2 2 5 0
4 2 6 180
4 4 19 90

2 1 3 270
3 5 6 270
3 3 8 90
5 5 10 90
5 1 18 90
1 2 12 270
2 5 14 270
3 1 1 180
2 2 10 180
1 5 6 270
4 2 15 270
3 4 5 180

2 3 4 0
2 1 5 270
3 5 18 0
3 4 8 90
5 5 2 180
3 2 10 270
5 2 5 90
1 1 2 270
2 2 9 0
4 4 20 0
1 2 3 180
2 5 6 180

4 3 17 180
1 5 11 0
3 1 11 90
2 2 8 270
1 2 11 0
5 6 17 180
4 5 10 0
1 6 3 270
4 4 3 180
5 2 15 180
4 6 14 180
5 4 11 0

3 4 7 180
5 5 4 180
4 4 11 180
2 4 19 180
5 6 14 270
1 3 4 270
2 3 6 90
3 2 8 90
2 6 19 180
1 1 16 270
5 4 3 180
4 3 4 0

4 3 6 270
5 1 7 270
1 4 17 180
1 1 4 180
4 2 16 0
3 2 16 90
1 2 7 270
5 2 8 270
3 4 1 0
2 5 20 180
1 3 20 0
3 6 6 90

3 4 4 0
4 6 5 180
4 5 5 180
4 3 19 270
5 5 5 90
3 6 17 0
1 3 18 270
3 2 14 0
4 4 7 0
1 6 8 180
4 2 14 180
5 6 15 270

3 5 1 90
2 6 15 0
5 3 18 270
2 5 15 270
3 1 8 90
1 2 9 0
3 6 16 90
5 4 8 0
5 5 19 0
4 6 3 270
1 6 17 0
4 5 6 90

2 3 6 180
4 4 15 0
2 1 19 180
2 4 12 270
5 6 15 270
5 3 7 0
4 6 11 180
5 2 17 180
4 5 5 180
3 4 20 180
1 5 7 90
5 4 2 0

1 2 9 180
2 1 4 180
2 5 20 0
4 5 17 0
1 1 8 90
1 3 9 270
5 4 12 270
1 5 8 0
4 4 19 270
5 6 14 90
3 5 16 0
5 3 11 270

3 6 14 180
5 5 13 0
5 4 3 270
2 1 13 180
4 6 1 270
1 6 7 90
5 2 1 90
2 3 12 0
1 1 4 180
5 1 20 270
2 6 11 180
4 2 19 180

5 5 5 180
4 2 9 0
4 4 1 0
1 1 7 270
5 4 3 180
3 5 6 90
1 6 6 180
3 2 6 90
3 3 2 90
2 5 10 0
4 5 20 270
2 1 14 270

1 6 16 90
1 3 16 270
3 5 1 270
1 1 16 0
1 5 13 180
2 3 15 0
4 5 18 270
5 3 17 180
4 6 7 270
1 4 4 180
2 5 14 90
2 2 8 90

3 3 5 0
5 3 20 270
1 6 8 0
4 4 7 270
2 1 17 270
5 1 1 180
2 5 18 90
5 5 13 0
1 2 19 180
1 1 6 270
3 1 7 270
3 2 9 270

3 1 13 180
1 5 14 180
5 4 20 180
5 6 6 270
4 4 10 270
1 1 15 180
2 6 17 0
4 2 8 180
3 6 20 0
5 3 12 270
5 1 11 180
3 3 5 90

2 6 8 270
3 6 16 270
4 1 8 90
3 1 12 270
2 1 14 90
1 6 15 270
5 2 4 0
4 4 8 0
4 3 7 180
1 4 20 90
5 3 3 180
5 1 4 180

1 3 3 0
1 4 5 270
1 2 8 90
5 5 4 180
4 1 12 90
2 6 3 180
2 1 9 180
1 1 7 0
4 5 12 180
1 6 15 180
5 3 14 180
4 4 11 270

4 3 1 180
3 3 2 180
3 5 17 270
1 4 1 270
5 1 12 270
1 5 19 90
3 2 14 0
5 2 10 0
1 3 16 0
4 6 6 270
5 3 17 180
2 4 6 0

5 6 8 180
2 6 12 270
5 3 13 0
1 5 1 270
3 4 7 270
5 5 7 270
1 4 7 180
4 1 9 180
4 6 20 90
3 5 16 90
2 3 13 180
1 1 10 180

4 4 3 90
5 3 5 270
4 3 13 90
2 1 6 90
2 6 8 0
4 5 6 180
3 1 5 270
5 5 11 90
1 4 18 270
4 1 16 270
1 2 3 90
4 2 4 180

3 3 12 180
4 5 2 270
4 3 1 0
1 5 13 270
3 5 5 270
1 3 16 90
2 2 19 0
4 2 19 180
2 3 18 0
4 6 3 270
3 6 9 180
2 5 16 0

1 2 13 270
4 2 12 180
4 6 19 270
5 4 7 270
2 5 11 270
1 1 8 0
5 2 12 180
4 4 11 180
5 3 6 90
2 1 5 90
4 3 4 90
2 6 18 90

2 3 8 0
4 5 13 270
3 4 2 90
1 4 17 90
1 5 6 90
1 3 3 180
3 1 17 270
2 6 5 90
5 4 6 0
4 1 6 0
3 5 2 180
1 1 17 90

2 5 11 90
3 3 11 90
2 6 8 270
1 3 13 90
3 2 18 0
2 4 5 90
4 3 13 0
1 6 7 0
3 4 12 0
4 1 7 270
5 5 18 0
2 2 16 180

2 5 5 90
4 6 10 0
3 5 5 0
3 3 17 270
3 6 15 180
5 3 9 0
2 3 8 180
2 4 9 180
1 6 10 180
1 5 9 90
3 1 19 270
4 3 12 0

1 1 20 180
2 1 12 180
2 3 2 90
1 3 14 180
2 5 10 0
4 5 16 0
4 1 13 90
5 1 6 270
3 4 10 180
3 6 19 180
4 4 1 180
2 4 13 90

4 5 15 0
5 1 2 270
1 6 9 270
3 3 12 90
4 3 15 90
5 6 17 180
2 6 10 270
3 6 5 270
5 4 15 180
3 4 14 270
5 3 6 180
2 1 2 90

1 6 10 180
2 1 5 0
1 4 5 180
3 2 17 90
3 6 20 180
4 2 12 180
2 3 5 180
1 1 4 270
1 2 16 270
4 6 6 180
5 5 3 90
2 2 5 270

3 5 1 90
1 1 6 180
3 2 2 90
4 1 2 270
3 6 3 90
3 1 9 90
3 3 18 90
2 3 9 180
5 6 4 90
2 6 7 90
4 3 8 270
1 4 15 270

4 4 11 90
2 5 12 0
1 1 18 270
1 5 19 180
2 3 5 270
1 6 7 90
5 5 13 180
4 1 11 90
5 6 5 270
5 3 9 180
2 4 19 180
4 3 18 90

3 1 20 270
2 5 2 90
4 3 19 180
5 4 1 180
3 3 1 0
1 4 1 270
1 6 16 0
1 3 1 270
1 5 17 90
4 2 4 180
5 1 17 270
5 5 6 0

4 1 19 270
1 1 16 0
1 3 6 90
5 3 13 90
5 6 9 270
3 2 16 270
1 2 20 270
4 2 15 270
2 5 17 0
3 3 17 90
5 5 2 90
2 3 15 180

3 6 3 90
4 1 2 180
5 5 6 270
1 2 8 0
2 6 15 0
2 1 8 0
2 2 13 90
2 5 19 270
4 3 1 90
3 3 18 270
1 3 14 90
5 4 5 180

3 2 19 270
1 3 15 180
3 5 9 0
1 5 16 180
2 3 4 180
5 5 10 180
4 5 9 90
4 4 9 90
2 5 5 0
3 6 20 90
2 6 4 180
1 2 16 270

2 2 10 270
3 6 13 0
3 4 2 180
3 1 3 0
4 2 11 0
5 4 16 90
5 5 6 0
3 3 4 270
4 5 1 180
4 1 9 0
3 2 16 90
1 6 6 180

2 3 2 90
1 6 6 180
2 6 13 90
5 5 11 90
1 2 15 270
3 2 15 90
5 3 12 0
4 1 4 90
1 4 18 0
3 3 3 90
4 2 10 0
5 1 15 90

4 6 3 180
1 3 5 0
5 2 13 270
2 3 11 180
3 2 10 0
5 6 20 0
1 6 10 180
5 4 9 180
2 4 12 90
4 5 4 0
2 5 9 0
3 6 19 270

1 4 19 90
1 2 4 90
1 1 15 0
4 2 8 0
5 6 19 270
3 1 5 270
1 6 4 90
2 5 6 180
1 5 13 0
5 5 20 0
3 4 13 0
2 1 6 270

5 3 2 90
3 6 18 180
3 3 8 180
4 1 17 270
1 2 5 270
3 5 12 0
4 4 12 0
3 4 14 180
3 2 13 90
5 2 19 180
1 6 7 180
1 1 15 270

5 2 17 180
1 3 2 270
5 1 13 270
4 1 15 90
2 1 9 90
1 1 11 180
5 6 14 180
3 6 7 0
2 3 8 90
2 6 11 90
4 3 20 90
4 6 18 270

2 1 7 270
1 5 3 180
1 1 8 0
1 3 9 180
3 3 5 270
5 5 11 90
1 6 20 90
5 4 15 270
2 6 3 0
2 4 2 90
5 3 15 180
2 3 10 180

1 1 7 270
1 4 2 90
5 5 3 180
3 5 18 270
4 6 7 0
2 2 12 270
5 2 7 270
4 5 19 270
1 5 2 270
2 4 8 270
2 1 16 270
1 6 8 90

3 4 19 90
1 3 9 90
5 5 20 90
2 3 4 270
4 4 14 90
1 2 14 90
5 2 11 90
3 2 4 90
2 4 19 90
4 6 17 270
1 1 7 270
1 6 19 0

4 5 15 0
5 1 2 270
1 6 9 270
3 3 12 90
4 3 15 90
5 6 17 180
2 6 10 270
3 6 5 270
5 4 15 180
3 4 14 270
5 3 6 180
2 1 2 90

4 2 5 270
2 5 14 180
3 1 8 0
4 6 12 0
5 5 17 90
5 2 5 0
1 3 8 180
2 1 2 270
1 4 16 90
4 3 7 90
5 6 20 270
2 4 4 0

3 5 6 0
3 6 11 270
2 5 10 90
5 2 14 90
1 6 19 0
4 1 1 180
5 1 10 270
1 5 1 0
2 2 16 180
5 5 5 90
4 5 4 90
1 1 3 90

4 1 1 180
5 6 11 0
4 5 11 90
1 1 5 90
2 5 3 180
3 4 12 90
5 5 11 90
5 3 16 0
3 6 18 270
3 5 17 180
2 3 1 270
1 6 12 90

2 2 3 0
1 2 7 180
1 6 4 90
3 3 3 270
2 3 15 0
4 5 3 90
4 1 8 90
3 1 8 90
3 5 1 180
1 3 19 180
3 6 8 270
5 6 19 180

1 1 3 180
5 5 7 270
3 2 20 0
1 5 10 270
3 3 8 270
5 2 18 90
1 4 10 0
1 2 16 270
1 3 8 270
4 1 11 270
3 6 13 90
5 1 7 270

3 5 1 90
1 1 6 180
3 2 2 90
4 1 2 270
3 6 3 90
3 1 9 90
3 3 18 90
2 3 9 180
5 6 4 90
2 6 7 90
4 3 8 270
1 4 15 270

2 4 3 270
3 5 17 270
1 1 19 90
1 4 9 0
5 4 15 180
1 6 15 180
4 6 10 90
3 3 12 90
5 5 17 270
5 6 9 270
3 4 16 0
2 6 10 0

4 5 2 180
5 2 12 90
4 6 1 180
1 5 6 0
3 4 7 0
2 2 14 270
1 1 2 180
5 3 18 0
5 1 9 0
4 2 2 180
1 3 12 90
5 5 9 0

1 5 3 270
5 6 11 90
5 1 1 180
2 4 18 180
3 3 18 0
3 6 18 180
4 5 9 0
3 4 1 180
3 1 12 0
2 5 17 270
1 2 3 270
4 2 6 180

4 6 18 270
5 5 2 270
3 1 1 0
2 4 20 0
5 4 20 90
5 6 3 90
1 6 15 90
2 1 14 0
1 3 5 180
3 3 6 270
1 4 19 0
4 5 17 0

4 5 1 0
4 6 8 180
2 4 20 0
5 2 5 0
1 1 4 90
3 2 1 0
1 2 2 0
5 3 7 0
4 1 8 90
2 1 2 0
1 6 10 270
2 3 11 180

1 5 8 270
1 6 15 90
2 2 11 180
5 1 5 180
3 1 3 0
5 6 4 0
2 6 10 180
3 6 3 90
4 5 9 0
3 2 10 0
5 4 20 90
4 6 18 270

4 5 2 180
5 2 12 90
4 6 1 180
1 5 6 0
3 4 7 0
2 2 14 270
1 1 2 180
5 3 18 0
5 1 9 0
4 2 2 180
1 3 12 90
5 5 9 0

2 2 8 0
5 3 17 270
3 6 15 180
5 1 4 270
2 3 5 270
4 1 3 180
3 5 16 270
1 1 9 270
5 6 15 180
4 6 12 0
4 3 6 0
2 6 8 270

1 2 8 0
3 1 3 270
5 3 4 0
5 2 18 0
4 5 15 180
1 3 3 0
4 1 11 0
2 3 20 0
3 3 4 270
2 5 16 0
2 2 5 0
5 6 1 0

3 3 12 180
4 5 2 270
4 3 1 0
1 5 13 270
3 5 5 270
1 3 16 90
2 2 19 0
4 2 19 180
2 3 18 0
4 6 3 270
3 6 9 180
2 5 16 0

2 6 7 0
5 6 2 180
1 4 20 270
3 6 14 180
5 2 14 270
3 4 17 270
2 1 1 270
4 2 15 270
2 4 13 0
1 2 12 270
3 1 15 0
1 6 5 0

1 4 14 0
4 2 5 0
5 4 8 180
3 6 16 270
4 1 17 0
3 1 20 270
2 2 11 0
1 1 2 270
4 6 16 180
1 5 13 180
3 4 20 0
4 5 17 270

5 4 15 270
1 6 1 180
2 6 8 180
3 2 2 180
1 5 3 180
2 4 20 270
1 1 8 270
5 1 15 0
5 2 8 90
1 2 19 90
3 1 15 180
4 5 9 270

1 2 13 270
4 2 12 180
4 6 19 270
5 4 7 270
2 5 11 270
1 1 8 0
5 2 12 180
4 4 11 180
5 3 6 90
2 1 5 90
4 3 4 90
2 6 18 90

5 3 1 270
2 1 9 0
3 5 16 180
5 2 10 180
3 6 2 0
5 1 1 90
5 4 7 90
4 5 11 270
1 3 9 0
4 6 12 180
1 6 7 180
3 3 9 0

3 6 1 180
5 1 11 180
4 1 14 180
2 3 11 270
1 6 6 270
1 3 7 180
4 4 10 270
2 6 6 90
3 3 2 90
3 1 6 0
2 2 12 0
4 5 13 180

5 1 11 270
3 4 6 270
4 6 6 180
4 4 6 0
1 4 18 270
1 1 8 180
2 1 20 270
2 5 14 270
2 4 10 0
5 5 6 180
3 2 20 90
4 5 16 270

3 1 15 90
1 3 14 270
1 1 8 90
5 6 6 90
3 2 7 90
2 6 11 0
1 4 2 270
5 3 3 0
4 1 12 90
4 6 16 90
3 6 10 0
5 2 14 270

1 3 11 90
3 2 14 0
1 1 9 270
3 5 10 270
5 5 14 270
4 3 2 180
4 1 3 90
1 4 12 270
2 2 14 270
4 4 20 180
5 6 3 90
3 3 12 0

2 4 3 0
5 2 4 0
5 5 7 90
3 5 12 90
2 6 6 0
3 6 8 270
4 2 12 270
3 1 4 0
1 6 13 180
1 2 19 270
4 4 8 0
2 3 7 180

4 4 10 180
5 3 18 180
2 1 18 0
4 1 7 180
5 4 1 90
5 6 7 0
3 5 17 90
2 3 5 180
2 5 15 90
3 1 11 270
4 5 2 0
1 4 11 0

3 4 17 90
2 4 5 180
5 4 19 180
5 2 13 90
2 1 17 0
5 3 13 0
3 1 13 0
2 2 11 90
1 1 18 180
2 3 5 270
3 3 13 270
3 6 12 270

3 5 17 180
4 4 1 0
5 6 14 0
2 4 12 0
1 1 14 270
2 3 12 90
3 3 9 90
2 2 5 90
1 5 4 90
5 5 4 270
5 1 2 90
4 2 8 0

1 3 9 180
4 2 19 0
3 2 19 90
3 5 16 180
5 1 18 270
2 3 20 0
4 4 7 180
5 3 3 90
4 5 17 180
5 2 7 90
2 1 6 180
2 2 2 270

1 5 2 90
2 3 2 0
5 4 18 0
1 4 11 90
3 4 17 270
5 2 17 180
4 2 14 0
4 4 11 0
2 4 3 90
3 1 5 180
2 6 4 270
2 2 14 270

1 4 13 90
4 1 12 0
3 3 5 0
5 6 7 90
1 5 19 90
3 1 7 90
2 4 19 180
1 1 19 180
5 1 17 270
1 2 7 270
3 4 12 0
2 1 11 270

3 3 6 270
4 2 14 90
2 3 1 180
3 1 7 180
3 2 13 90
1 6 1 90
1 1 10 270
2 5 19 0
2 6 6 90
2 2 3 0
5 6 3 90
1 2 5 0

1 6 15 0
5 4 12 180
1 5 3 90
3 6 15 90
4 2 16 90
2 3 20 90
4 4 10 270
4 1 14 270
2 4 14 270
3 5 10 90
2 1 3 90
3 2 3 90

2 3 7 90
4 2 9 180
1 5 16 90
2 4 14 0
5 2 13 0
2 1 20 90
4 1 2 90
4 4 11 0
1 2 11 90
2 6 17 270
1 3 13 180
3 4 6 0

3 4 12 270
4 6 3 90
3 6 1 0
5 1 11 0
5 4 16 90
1 2 14 90
3 1 12 180
4 5 18 90
3 5 2 180
3 3 16 270
3 2 16 0
5 6 3 0

3 2 7 270
4 6 15 90
2 1 6 270
1 1 5 0
5 4 6 0
5 6 6 270
2 6 10 90
5 2 5 90
5 1 15 0
1 4 8 180
4 2 2 90
1 2 15 180

5 5 19 0
3 5 13 180
3 4 12 90
3 3 3 270
2 2 20 0
5 6 11 0
1 2 5 180
4 4 17 180
4 2 20 0
1 1 1 180
3 1 17 180
5 2 14 180

5 3 19 0
1 2 3 180
3 5 4 90
2 2 15 180
4 5 6 0
5 6 10 90
4 6 7 0
1 5 4 180
4 2 5 270
1 4 15 90
5 5 1 90
3 4 19 270

3 6 17 90
1 6 9 0
4 5 14 0
2 3 14 270
1 4 8 180
5 4 5 270
3 3 10 0
4 1 11 0
4 4 15 90
5 1 12 0
2 5 1 90
3 4 11 0

2 3 19 270
2 6 3 0
5 6 2 90
1 5 16 270
3 3 1 270
5 3 17 0
3 2 15 90
2 2 5 0
2 4 14 180
1 4 14 0
5 1 16 0
4 6 5 270

3 2 2 90
4 4 11 90
5 6 13 270
5 5 18 90
3 4 6 180
3 6 3 90
5 1 15 180
4 2 12 270
1 1 10 180
1 3 20 270
2 3 17 270
3 5 15 180

2 1 17 180
4 3 3 180
1 5 4 270
4 5 19 270
2 6 2 180
5 3 9 0
2 4 15 270
2 3 20 90
1 4 6 180
5 1 15 90
2 5 10 0
5 6 1 0

3 4 17 180
2 2 12 90
1 6 15 270
4 4 19 180
2 5 3 90
3 6 10 180
5 5 11 0
1 5 6 180
5 3 15 180
4 6 3 270
3 2 9 180
5 1 6 180

1 3 15 180
5 6 12 270
2 5 6 180
2 3 10 90
5 1 14 0
1 2 17 0
2 6 4 180
1 4 3 180
3 5 1 270
3 6 19 90
1 5 7 90
2 1 7 0

5 6 6 180
1 4 16 0
1 3 18 90
2 6 7 180
1 5 15 90
4 5 1 180
5 3 14 270
2 4 17 0
3 4 13 0
1 1 14 270
3 5 9 0
2 3 13 90

4 5 18 90
4 1 17 90
3 4 19 180
3 2 3 180
5 2 13 90
5 6 12 270
5 3 20 270
4 3 1 90
2 5 18 270
5 4 1 180
2 2 11 180
3 1 1 90

5 4 6 90
4 2 4 180
1 3 16 90
1 1 9 180
2 1 10 270
1 2 11 270
4 5 12 180
2 5 3 0
1 4 16 0
3 6 19 180
1 6 16 270
5 3 1 180

1 5 11 270
4 4 9 180
5 1 12 180
4 1 11 180
4 5 20 180
1 3 13 0
3 6 18 0
3 3 10 270
2 6 13 0
1 2 7 0
2 2 10 90
2 1 14 180

5 4 7 90
1 6 6 90
3 6 17 90
5 2 17 180
3 5 18 90
4 6 20 0
2 3 10 180
2 5 20 90
4 4 18 90
1 1 20 0
5 6 17 90
3 1 6 0

4 5 10 0
1 5 10 180
1 1 4 90
5 6 7 270
3 6 7 0
2 2 2 270
3 2 18 0
2 3 2 270
4 1 6 180
5 2 14 270
2 5 16 270
2 6 15 90

1 6 12 90
4 4 13 0
2 1 16 270
4 3 5 270
3 4 11 0
3 1 11 180
4 1 7 0
3 3 12 0
5 1 12 270
3 6 5 90
5 3 7 180
4 5 18 90

3 4 9 90
2 1 13 180
4 2 2 180
2 6 1 270
5 3 17 90
4 1 17 180
2 3 14 0
3 5 6 90
2 5 8 90
1 1 20 270
3 2 7 90
5 6 7 180

3 1 13 180
1 5 14 180
5 4 20 180
5 6 6 270
4 4 10 270
1 1 15 180
2 6 17 0
4 2 8 180
3 6 20 0
5 3 12 270
5 1 11 180
3 3 5 90

2 6 1 90
1 4 15 90
5 3 17 0
2 2 2 90
5 1 3 0
2 1 7 180
5 6 1 180
1 2 11 180
1 6 16 270
3 2 2 270
1 1 20 180
4 5 13 180

2 6 12 90
4 4 1 0
4 1 1 0
2 2 4 180
5 5 11 90
1 5 4 90
2 4 2 0
5 4 12 0
5 2 3 0
5 1 13 0
2 5 17 180
3 6 1 270

5 2 17 180
1 3 2 270
5 1 13 270
4 1 15 90
2 1 9 90
1 1 11 180
5 6 14 180
3 6 7 0
2 3 8 90
2 6 11 90
4 3 20 90
4 6 18 270

4 2 10 90
5 3 16 0
4 3 13 90
3 1 16 270
2 2 18 0
4 6 8 0
3 2 4 90
5 6 11 180
1 4 4 0
3 6 13 270
3 3 18 0
2 4 6 0
